2
1
6
4
3
5
14
8
10
9
7
12
11
13
30
16
18
17
22
20
19
21
15
24
26
25
23
28
27
29
61
33
32
37
35
34
36
45
39
41
40
38
43
42
44
31
47
49
48
53
51
50
52
46
55
57
56
54
59
58
60
124
64
63
68
66
65
67
76
70
72
71
69
74
73
75
92
78
80
79
84
82
81
83
77
86
88
87
85
90
89
91
62
94
96
95
100
98
97
99
108
102
104
103
101
106
105
107
93
110
112
111
116
114
113
115
109
118
120
119
117
122
121
123
249
127
126
131
129
128
130
139
133
135
134
132
137
136
138
155
141
143
142
147
145
144
146
140
149
151
150
148
153
152
154
186
158
157
162
160
159
161
170
164
166
165
163
168
167
169
156
172
174
173
178
176
175
177
171
180
182
181
179
184
183
185
125
189
188
193
191
190
192
201
195
197
196
194
199
198
200
217
203
205
204
209
207
206
208
202
211
213
212
210
215
214
216
187
219
221
220
225
223
222
224
233
227
229
228
226
231
230
232
218
235
237
236
241
239
238
240
234
243
245
244
242
247
246
248
499
252
251
256
254
253
255
264
258
260
259
257
262
261
263
280
266
268
267
272
270
269
271
265
274
276
275
273
278
277
279
311
283
282
287
285
284
286
295
289
291
290
288
293
292
294
281
297
299
298
303
301
300
302
296
305
307
306
304
309
308
310
374
314
313
318
316
315
317
326
320
322
321
319
324
323
325
342
328
330
329
334
332
331
333
327
336
338
337
335
340
339
341
312
344
346
345
350
348
347
349
358
352
354
353
351
356
355
357
343
360
362
361
366
364
363
365
359
368
370
369
367
372
371
373
250
377
376
381
379
378
380
389
383
385
384
382
387
386
388
405
391
393
392
397
395
394
396
390
399
401
400
398
403
402
404
436
408
407
412
410
409
411
420
414
416
415
413
418
417
419
406
422
424
423
428
426
425
427
421
430
432
431
429
434
433
435
375
439
438
443
441
440
442
451
445
447
446
444
449
448
450
467
453
455
454
459
457
456
458
452
461
463
462
460
465
464
466
437
469
471
470
475
473
472
474
483
477
479
478
476
481
480
482
468
485
487
486
491
489
488
490
484
493
495
494
492
497
496
498
1000
502
501
506
504
503
505
514
508
510
509
507
512
511
513
530
516
518
517
522
520
519
521
515
524
526
525
523
528
527
529
561
533
532
537
535
534
536
545
539
541
540
538
543
542
544
531
547
549
548
553
551
550
552
546
555
557
556
554
559
558
560
624
564
563
568
566
565
567
576
570
572
571
569
574
573
575
592
578
580
579
584
582
581
583
577
586
588
587
585
590
589
591
562
594
596
595
600
598
597
599
608
602
604
603
601
606
605
607
593
610
612
611
616
614
613
615
609
618
620
619
617
622
621
623
749
627
626
631
629
628
630
639
633
635
634
632
637
636
638
655
641
643
642
647
645
644
646
640
649
651
650
648
653
652
654
686
658
657
662
660
659
661
670
664
666
665
663
668
667
669
656
672
674
673
678
676
675
677
671
680
682
681
679
684
683
685
625
689
688
693
691
690
692
701
695
697
696
694
699
698
700
717
703
705
704
709
707
706
708
702
711
713
712
710
715
714
716
687
719
721
720
725
723
722
724
733
727
729
728
726
731
730
732
718
735
737
736
741
739
738
740
734
743
745
744
742
747
746
748
500
752
751
756
754
753
755
764
758
760
759
757
762
761
763
780
766
768
767
772
770
769
771
765
774
776
775
773
778
777
779
811
783
782
787
785
784
786
795
789
791
790
788
793
792
794
781
797
799
798
803
801
800
802
796
805
807
806
804
809
808
810
874
814
813
818
816
815
817
826
820
822
821
819
824
823
825
842
828
830
829
834
832
831
833
827
836
838
837
835
840
839
841
812
844
846
845
850
848
847
849
858
852
854
853
851
856
855
857
843
860
862
861
866
864
863
865
859
868
870
869
867
872
871
873
750
877
876
881
879
878
880
889
883
885
884
882
887
886
888
905
891
893
892
897
895
894
896
890
899
901
900
898
903
902
904
937
907
909
908
913
911
910
912
921
915
917
916
914
919
918
920
906
923
925
924
929
927
926
928
922
931
933
932
930
935
934
936
875
940
939
944
942
941
943
952
946
948
947
945
950
949
951
968
954
956
955
960
958
957
959
953
962
964
963
961
966
965
967
938
970
972
971
976
974
973
975
984
978
980
979
977
982
981
983
969
986
988
987
992
990
989
991
985
994
996
995
993
998
997
999
